weight0
0.21398926 0.13317871 -0.1574707 -0.23120117 0.060455322 0.025482178 -0.037384033 0.12249756 0.004547119 0.080322266 -0.061431885 0.21350098 -0.14709473 -0.04260254 0.24682617 0.18237305
-0.125 0.23730469 0.28149414 -0.10961914 0.17919922 -0.09490967 -0.019729614 0.054229736 -0.25976562 0.21044922 -0.014549255 -0.06222534 -0.095947266 -0.08557129 0.0038223267 0.25219727
0.07696533 0.11773682 0.19934082 -0.11859131 0.12683105 -0.24572754 0.10491943 -0.14233398 0.117248535 0.0066337585 0.17919922 -0.019378662 -0.02015686 0.15234375 -0.100097656 0.06591797
0.08972168 -0.13391113 0.113220215 -0.17346191 0.010322571 -0.21203613 -0.089904785 -0.07055664 -0.15856934 0.19421387 0.04888916 -0.12963867 -0.10760498 -0.18823242 -0.21374512 -0.14550781
-0.20324707 -0.10626221 -0.108947754 -0.07836914 0.12841797 0.008613586 0.08947754 0.067871094 -0.0035381317 -0.11834717 -0.008094788 -0.14257812 0.0029087067 -0.0107040405 0.10723877 0.24707031
0.1899414 0.23120117 0.15307617 -0.20361328 0.24145508 0.029510498 0.21325684 0.16723633 -0.16577148 0.06121826 0.12780762 -0.16210938 0.17077637 -0.09893799 0.17321777 0.23547363
-0.023208618 0.08190918 0.0054626465 -0.14233398 0.1303711 -0.20007324 0.2043457 0.14453125 -0.14807129 0.140625 -0.13647461 -0.06793213 -0.24047852 0.2055664 0.13708496 0.10333252
-0.20336914 -0.12817383 0.1348877 -0.065979004 0.010757446 -0.041290283 0.093811035 0.114868164 0.059509277 0.16040039 -0.04574585 0.04574585 0.06402588 0.20385742 -0.12597656 0.25268555
0.043029785 -0.122680664 -0.058807373 -0.21813965 -0.18115234 -0.09362793 0.10015869 0.00048613548 -0.13061523 0.14489746 0.062469482 -0.20471191 -0.08862305 -0.17114258 -0.030761719 0.048553467
0.12194824 -0.140625 0.15698242 -0.08258057 0.2364502 0.10089111 0.15478516 -0.18920898 -0.17810059 -0.22473145 -0.02468872 0.093566895 0.109313965 -0.17834473 -0.011260986 0.017425537
0.22570801 -0.19421387 0.15112305 -0.16687012 0.061828613 -0.15808105 0.21130371 0.13391113 -0.03656006 -0.006462097 -0.011398315 0.119506836 0.27148438 -0.2536621 -0.07977295 0.13562012
-0.074401855 -0.077941895 0.23291016 -0.10760498 0.1184082 0.16760254 -0.03894043 0.068115234 -0.00068569183 -0.2861328 0.036621094 -0.1706543 0.02154541 0.08282471 -0.16210938 -0.2529297
0.061584473 -0.20043945 0.05731201 0.08538818 -0.15588379 0.08679199 -0.16809082 0.18005371 0.13183594 -0.16320801 0.16027832 0.24523926 0.18481445 0.09307861 0.04284668 -0.029846191
-0.20983887 0.14453125 0.24780273 0.061523438 -0.028137207 0.011497498 -0.07165527 -0.027709961 -0.15209961 0.1385498 0.039520264 -0.25097656 0.26464844 0.20715332 -0.0418396 -0.09466553
0.054016113 -0.16418457 -0.14331055 -0.16882324 0.14331055 0.08502197 -0.23059082 0.22583008 0.23168945 0.09698486 -0.093322754 -0.01335144 0.16467285 -0.13989258 -0.14904785 0.017120361
-0.11785889 0.056365967 -0.13867188 0.103027344 -0.015960693 -0.10900879 0.22167969 -0.12719727 -0.22949219 0.24938965 0.13452148 0.10235596 0.1307373 -0.23181152 -0.011199951 0.038238525
bias0
0.21801758 0.12670898 0.21911621 0.2680664 -0.17321777 0.03137207 0.09240723 0.07849121 0.14233398 -0.019332886 -0.10620117 0.15307617 -0.20031738 0.21032715 -0.06945801 0.105285645
weight1
0.2290039 0.16638184 -0.2421875 -0.075805664 0.14990234 0.041931152 -0.11047363 0.038024902 -0.23571777 0.18334961 0.020950317 -0.06274414 0.17297363 -0.13305664 0.14086914 -0.21008301
-0.08520508 0.22790527 -0.13586426 0.203125 0.11602783 0.13171387 -0.10028076 0.17456055 -0.03466797 -0.21472168 -0.024215698 -0.21594238 -0.044952393 -0.16491699 -0.18017578 0.031051636
0.22351074 -0.070495605 -0.1772461 0.2631836 -0.21228027 0.014541626 0.05178833 0.14794922 0.14440918 -0.095703125 -0.19763184 -0.054382324 0.04699707 -0.18920898 0.2097168 -0.020889282
-0.020690918 -0.11657715 0.13977051 -0.17419434 0.25024414 -0.0003759861 0.046936035 0.053863525 -0.21496582 0.1817627 0.08630371 -0.20837402 0.007801056 0.00484848 0.06518555 -0.046173096
-0.1907959 0.0077171326 0.21276855 -0.22753906 -0.15454102 0.21179199 -0.039886475 0.040100098 0.027252197 -0.06732178 -0.014877319 -0.21081543 -0.18286133 -0.16247559 -0.21240234 0.06072998
0.059295654 -0.19958496 0.093322754 -0.26293945 -0.13867188 0.08972168 0.10455322 -0.11663818 0.10028076 0.047027588 -0.124816895 0.21911621 -0.1385498 -0.109436035 -0.06549072 -0.058776855
0.1940918 0.13439941 0.04006958 -0.19909668 -0.045196533 -0.15771484 0.093688965 -0.08288574 -0.056274414 -0.17810059 0.15795898 -0.21166992 0.037139893 -0.17211914 0.2746582 0.10870361
0.22253418 0.1149292 -0.015151978 0.00028061867 0.087768555 -0.13659668 -0.13745117 -0.121032715 0.09716797 -0.10852051 -0.1907959 -0.076049805 0.06719971 -0.19299316 0.234375 -0.074279785
-0.033294678 -0.034973145 0.20507812 0.035949707 -0.10522461 -0.17126465 0.11785889 -0.08880615 -0.027236938 0.2055664 -0.13134766 -0.059509277 -0.066589355 -0.043670654 -0.046813965 -0.038604736
-0.18823242 -0.08874512 -0.015975952 -0.2467041 -0.13305664 0.1850586 0.19702148 0.07147217 0.2154541 -0.19689941 0.0076293945 -0.085876465 0.15063477 0.05227661 -0.27001953 0.120666504
0.1809082 0.18151855 -0.13183594 0.14355469 0.23669434 -0.025024414 0.16625977 0.011871338 0.017410278 -0.09069824 0.21899414 0.018997192 0.23095703 0.07489014 0.08666992 0.0022678375
0.14770508 -0.07092285 0.13830566 0.095458984 0.2052002 0.1038208 -0.08300781 0.06549072 -0.03463745 0.017150879 0.15405273 -0.22705078 -0.21960449 -0.26513672 -0.15283203 -0.17407227
0.09448242 0.08685303 0.061645508 -0.16845703 -0.2590332 0.123535156 0.010597229 -0.036193848 -0.21130371 0.24279785 0.11016846 -0.030792236 0.15197754 0.09552002 0.19384766 0.000107586384
0.13806152 0.033599854 -0.18945312 -0.22070312 -0.2368164 -0.03274536 0.1875 0.064941406 0.09875488 -0.024810791 0.12011719 0.24609375 -0.24157715 0.18383789 0.08331299 -0.19018555
-0.11419678 0.061035156 0.008255005 0.11450195 -0.1607666 0.028686523 -0.092285156 -0.15673828 -0.10595703 0.042877197 0.15234375 0.26782227 -0.1083374 0.066467285 0.051940918 0.05001831
-0.22607422 0.068603516 0.23742676 0.08294678 0.04446411 -0.09484863 -0.05831909 0.057434082 0.16101074 0.08959961 0.14099121 0.09631348 -0.075927734 0.15197754 0.21813965 -0.14550781
